      6045781127086444     07     2023     376      
      6045781144428827     10     2026     335      
      6045781122033664     08     2023     829      
      6045781118153385     06     2025     814      
      6045781104007116     04     2024     928      
      6045781148280224     04     2023     954      
      6045781126734226     03     2025     527      
      6045781123300468     06     2027     669      
      6045781124843532     11     2024     247      
      6045781171864043     03     2023     578      
      6045781157123372     10     2026     796      
      6045781145228077     04     2027     795      
      6045781133626365     06     2025     776      
      6045781150737087     08     2023     449      
      6045781156452004     05     2023     576      
      6045781160406483     04     2027     881      
      6045781170187131     01     2023     177      
      6045781182574433     04     2024     319      
      6045781163732711     09     2023     239      
      6045781126852218     09     2026     191      
      6045781117525070     04     2023     756      
      6045781152425715     04     2024     614      
      6045781105028137     03     2024     887      
      6045781101444635     02     2025     343      
      6045781157027243     07     2026     232      
      6045781156148180     08     2025     357      
      6045781115612821     05     2025     415      
      6045781156053117     09     2025     767      
      6045781151334322     01     2025     962      
      6045781165726133     11     2027     771      
      6045781154456882     03     2027     477      
      6045781178583323     12     2023     300      
      6045781117687037     07     2023     215      
      6045781186313481     02     2026     472      
      6045781175874378     04     2024     275      
      6045781177280566     07     2023     209      
      6045781108087551     01     2024     132      
      6045781180113788     07     2025     592      
      6045781131837857     03     2025     333      
      6045781101805405     12     2025     245      
      6045781164388372     12     2026     619      
      6045781167762060     03     2027     487      
      6045781155631434     08     2027     129      
      6045781174258722     11     2024     168      
      6045781175006666     08     2024     216      
      6045781172516824     09     2025     617      
      6045781111554076     01     2027     589      
      6045781182227206     06     2026     721      
      6045781173817403     07     2025     401      
      6045781122175002     12     2023     516      
      6045781135042165     04     2025     677      
      6045781131830316     05     2024     440      
      6045781128668455     08     2024     115      
      6045781183267656     05     2023     947      
      6045781176573284     11     2027     216      
      6045781176132404     06     2026     505      
      6045781114866386     11     2023     422      
      6045781132802132     11     2024     427      
      6045781173630715     08     2025     666      
      6045781157446153     08     2025     515      
      6045781183160422     11     2024     346      
      6045781116467472     04     2023     415      
      6045781155317836     12     2024     910      
      6045781186003850     05     2024     675      
      6045781125310432     10     2023     462      
      6045781183340156     04     2027     457      
      6045781174671163     05     2027     961      
      6045781110211702     03     2026     246      
      6045781158856681     03     2024     149      
      6045781172547027     02     2024     517      
      6045781185555173     11     2025     537      
      6045781161884027     01     2025     297      
      6045781108877654     09     2027     432      
      6045781175606432     06     2026     854      
      6045781103600622     05     2023     993      
      6045781114780017     07     2024     756      
      6045781111630504     04     2026     407      
      6045781153158786     06     2027     869      
      6045781148513186     11     2027     256      
      6045781147622830     03     2026     555      
      6045781101740636     01     2025     389      
      6045781142151884     09     2023     262      
      6045781167131308     06     2025     460      
      6045781154521586     11     2025     881      
      6045781111828173     09     2025     402      
      6045781174470160     05     2027     277 
      6045781134645075     11     2025     950      
      6045781185226403     10     2024     594      
      6045781142417111     10     2023     635      
      6045781162007677     12     2027     436      
      6045781148144438     07     2025     440      
      6045781163221301     10     2023     858      
      6045781148883258     12     2027     842      
      6045781107505884     03     2024     854      
      6045781146444863     03     2026     298      
      6045781172772286     12     2027     439      
      6045781151827473     11     2025     490      
      6045781177331724     03     2026     519      
      6045781168431202     10     2026     401      
      6045781100556272     12     2025     505      
      6045781165608745     07     2023     972      
      6045781174201375     11     2027     657      
      6045781141560655     05     2023     737      
      6045781146316665     08     2024     346      
      6045781178342738     09     2027     976      
      6045781113514631     12     2025     953      
      6045781148442782     09     2027     289      
      6045781147044514     03     2024     943      
      6045781144470423     02     2025     808      
      6045781170814130     02     2026     993      
      6045781168101771     01     2023     809      
      6045781141150432     09     2026     349      
      6045781130187510     05     2023     860      
      6045781122740375     11     2026     618      
      6045781113008055     01     2023     255      
      6045781152283478     12     2023     487      
      6045781148672875     06     2023     856      
      6045781144784872     06     2027     148      
      6045781188118524     04     2025     318      
      6045781134640811     01     2025     787      
      6045781165524074     08     2025     851      
      6045781117326552     04     2025     930      
      6045781106222150     07     2025     120      
      6045781135300357     08     2023     413      
      6045781165183772     10     2023     635      
      6045781172674045     05     2023     761      
      6045781186044482     01     2024     165      
      6045781186103866     08     2024     786      
      6045781113155617     12     2024     985      
      6045781178257522     01     2023     574      
      6045781116064410     08     2027     907      
      6045781165774661     10     2027     264      
      6045781116322644     08     2025     607      
      6045781185075628     04     2025     244      
      6045781100671113     04     2025     233      
      6045781157752014     04     2027     577      
      6045781116324566     08     2026     185      
      6045781138242770     01     2023     417      
      6045781170081268     06     2026     640      
      6045781177388138     05     2025     915      
      6045781106161572     06     2024     757      
      6045781166743152     11     2024     583      
      6045781112726616     09     2026     907      
      6045781175130466     07     2023     392      
      6045781108404210     05     2026     367      
      6045781170723026     05     2027     440      
      6045781112033211     10     2025     117      
      6045781144586400     04     2025     398      
      6045781147008766     07     2027     903      
      6045781117533108     12     2024     963      
      6045781125872704     05     2024     621      
      6045781147307234     05     2023     427      
      6045781174786656     11     2023     455      
      6045781161152581     10     2024     431      
      6045781156577784     02     2023     838      
      6045781173046847     11     2024     492      
      6045781140238774     08     2024     883      
      6045781104385058     05     2025     444      
      6045781101043734     07     2026     648      
      6045781160060082     12     2025     341      
      6045781116757401     05     2023     136      
      6045781116484576     01     2024     151      
      6045781125747765     08     2024     527      
      6045781181150433     03     2024     391      
      6045781140023788     02     2026     748      
      6045781111153267     01     2026     504      
      6045781121071442     06     2027     185      
      6045781157246850     04     2027     248      
      6045781181205658     06     2023     255      
      6045781104888408     10     2027     466      
      6045781187317101     05     2026     918      
      6045781181262162     12     2025     174      
      6045781178603188     04     2024     540      
      6045781156165101     05     2026     127      
      6045781112436257     04     2026     322      
      6045781146425565     09     2025     798      
      6045781122447435     12     2026     237      
      6045781105010861     02     2026     282      
      6045781155287807     06     2023     330      
      6045781173874685     09     2023     185      
      6045781142337012     03     2024     260      
      6045781147843824     11     2023     940      
      6045781161868616     01     2027     277      
      6045781151013025     04     2023     885      
      6045781166073048     10     2024     341      
      6045781141876218     09     2024     416      
      6045781162172034     01     2025     920      
      6045781127521861     11     2024     777      
      6045781165481887     11     2023     244      
      6045781107463027     11     2024     765      
      6045781115835331     02     2026     468      
      6045781140882233     03     2026     497      
      6045781110547436     08     2024     662      
      6045781104357271     05     2025     400      
      6045781144053260     06     2023     911      
      6045781173578377     06     2024     837      
      6045781181723767     10     2025     735      
      6045781132126813     06     2025     465      
      6045781100850287     12     2023     478      
      6045781186618251     10     2024     409      
      6045781102527743     09     2027     280      
      6045781136032488     03     2026     823      
      6045781148203143     10     2024     926      
      6045781111347588     11     2025     291      
      6045781156474453     12     2024     731      
      6045781150618410     03     2027     488      
      6045781118150167     08     2027     200      
      6045781120552855     12     2023     823      
      6045781136052551     06     2025     661      
      6045781166725084     10     2027     713      
      6045781105570633     05     2026     531      
      6045781106656555     03     2027     224      
      6045781168076403     01     2026     889      
      6045781132432054     05     2025     144      
      6045781175651321     12     2023     487      
      6045781174865658     11     2024     403      
      6045781162183072     11     2023     644      
      6045781164773565     01     2023     733      
      6045781107552365     08     2023     926      
      6045781145360888     07     2027     646      
      6045781151388765     11     2027     657      
      6045781103748850     11     2026     351      
      6045781163002446     12     2023     981      
      6045781128305611     04     2025     460      
      6045781180302373     08     2023     575      
      6045781126707842     10     2024     308      
      6045781123410606     03     2025     719      
      6045781163762676     03     2023     582      
      6045781116442202     11     2024     556      
      6045781178201181     10     2025     806      
      6045781142681476     07     2027     230      
      6045781160070313     09     2023     201      
      6045781123804600     04     2025     437      
      6045781175055077     07     2025     591      
      6045781120444061     07     2025     136      
      6045781166003144     01     2027     277      
      6045781120825707     11     2026     668      
      6045781134681880     06     2025     228      
      6045781178670054     03     2023     118      
      6045781102724621     06     2025     579      
      6045781112623557     06     2025     243      
      6045781153325583     05     2024     231      
      6045781115573346     10     2025     344      
      6045781163218240     03     2023     335      
      6045781121756653     07     2025     521      
      6045781181562744     07     2024     668      
      6045781155417172     09     2025     747      
      6045781102824165     06     2025     493      
      6045781157146134     12     2026     432      
      6045781147233380     04     2025     611      
      6045781144135455     01     2025     145      
      6045781144532412     02     2024     665      
      6045781130846800     01     2027     667      
      6045781170528870     12     2026     660      
      6045781117454800     02     2024     990      
      6045781165423202     05     2027     518      
      6045781173656561     02     2023     461      
      6045781188864838     09     2027     441      
      6045781160681143     10     2026     188      
      6045781140518662     02     2027     781      
      6045781142601847     10     2027     974      
      6045781164452541     07     2026     158      
      6045781112283865     10     2025     708      
      6045781187311344     06     2023     404      
      6045781138464242     05     2025     212      
      6045781133418573     03     2027     459      
      6045781175537785     03     2027     799      
      6045781155710667     06     2027     459      
      6045781135714433     05     2025     901      
      6045781146442255     11     2024     311      
      6045781107438458     06     2023     770      
      6045781132337063     09     2024     159      
      6045781162730120     12     2026     759      
      6045781172838806     10     2025     470      
      6045781113026347     07     2026     547      
      6045781118104842     12     2023     153      
      6045781146606081     10     2025     695      
      6045781140057158     04     2025     766      
      6045781172703158     08     2025     564      
      6045781187362776     08     2027     435      
      6045781151543328     12     2024     483      
      6045781188735160     06     2024     522      
      6045781132416586     04     2024     461      
      6045781128387551     12     2025     281      
      6045781185305801     09     2023     622      
      6045781174575604     12     2024     517      
      6045781178652110     05     2026     694      
      6045781172841677     03     2026     565      
      6045781167750131     07     2023     480      
      6045781150762838     02     2025     686      
      6045781150254711     07     2024     244      
      6045781112231856     12     2023     869      
      6045781113105117     09     2025     353      
      6045781126176162     05     2025     492      
      6045781152374350     10     2023     262      
      6045781163752156     08     2026     793      
      6045781145054242     11     2023     583      
      6045781137745328     03     2026     295      
      6045781174518422     12     2025     637      
      6045781113253040     04     2027     194      
      6045781164638354     07     2027     816      
      6045781110228235     12     2023     276      
      6045781137663786     01     2024     360      
      6045781104085666     06     2027     725      
      6045781167677847     02     2025     285      
      6045781138068688     06     2027     255      
      6045781113412703     09     2025     457      
      6045781165461780     03     2023     272      
      6045781136365052     02     2023     674      
      6045781172573452     12     2025     519      
      6045781102034385     06     2026     910      
      6045781141881085     06     2027     976      
      6045781132634501     05     2024     156      
      6045781124701128     08     2025     169      
      6045781110754727     03     2024     902      
      6045781164833856     01     2025     148      
      6045781182580844     02     2023     807      
      6045781120567564     07     2027     945      
      6045781111012760     11     2025     497      
      6045781147535248     08     2026     888      
      6045781151088233     05     2027     547      
      6045781172866377     06     2023     684      
      6045781133737055     12     2027     429      
      6045781127470770     02     2026     653      
      6045781188414162     09     2027     605      
      6045781126711208     01     2027     749      
      6045781103861844     01     2027     594      
      6045781131264201     04     2024     871      
      6045781154661846     10     2025     656      
      6045781183520807     11     2025     904      
      6045781162033863     11     2023     747      
      6045781105253040     08     2026     536      
      6045781138371520     12     2023     305      
      6045781107387127     07     2026     180      
      6045781122737165     10     2025     424      
      6045781135525680     12     2024     629      
      6045781163707432     01     2025     400      
      6045781154073778     12     2023     982      
      6045781157080762     03     2023     642      
      6045781145164207     04     2024     521      
      6045781138887517     06     2024     869      
      6045781163084584     01     2026     509      
      6045781143203775     01     2025     142      
      6045781117845064     10     2023     411      
      6045781104374748     10     2023     857      
      6045781162150410     07     2026     370      
      6045781102106720     09     2024     812      
      6045781133826635     02     2024     220      
      6045781146204317     03     2024     232      
      6045781173774851     07     2025     560      
      6045781133571488     11     2023     760      
      6045781171463820     12     2024     638      
      6045781107412057     09     2025     683      
      6045781171102725     08     2026     268      
      6045781115825183     02     2026     206      
      6045781151631727     06     2026     454      
      6045781175406205     07     2026     193      
      6045781143401411     09     2026     549      
      6045781160480165     11     2024     862      
      6045781146847404     11     2024     730      
      6045781150640042     03     2024     657      
      6045781165723171     11     2026     296      
      6045781176222247     07     2023     559      
      6045781143632858     04     2026     754      
      6045781157551358     09     2023     328      
      6045781100101814     04     2027     256      
      6045781186542881     05     2024     527      
      6045781170480635     02     2027     197      
      6045781100663458     11     2024     119      
      6045781180547787     11     2026     566      
      6045781163411704     04     2027     493      
      6045781146627335     02     2023     269      
      6045781145517610     03     2024     275      
      6045781168606860     12     2024     669      
      6045781113436744     03     2023     523      
      6045781148707101     06     2027     528      
      6045781100337277     08     2023     463      
      6045781151520441     05     2025     231      
      6045781157041756     10     2024     769      
      6045781140660407     09     2025     301      
      6045781147731763     12     2026     672      
      6045781136853644     05     2023     606      
      6045781130181448     12     2025     168      
      6045781162462773     04     2026     293      
      6045781180780545     05     2023     598      
      6045781170268535     09     2026     884      
      6045781115222480     03     2023     282      
      6045781165765867     09     2023     536      
      6045781110556254     03     2024     313      
      6045781133044700     08     2024     700      
      6045781180321282     08     2027     715      
      6045781165178004     03     2027     744      
      6045781128454682     05     2024     694      
      6045781172551706     04     2024     152      
      6045781174314665     02     2024     162      
      6045781155143125     10     2025     651      
      6045781143022605     01     2023     342      
      6045781153237887     02     2025     696      
      6045781185060174     06     2027     266      
      6045781124136473     06     2025     347      
      6045781132025841     12     2024     591      
      6045781181264804     04     2025     186      
      6045781151816427     04     2026     838      
      6045781160544341     03     2026     338      
      6045781114234874     10     2025     229      
      6045781103264437     10     2027     257      
      6045781137072160     06     2025     812      
      6045781135727765     03     2023     471      
      6045781138317457     12     2027     639      
      6045781182808815     07     2026     459      
      6045781116526087     07     2026     378      
      6045781150585551     05     2026     901      
      6045781101147881     04     2024     720      
      6045781167605111     09     2024     248      
      6045781173321836     05     2026     710      
      6045781106152183     11     2024     869      
      6045781156017674     10     2024     592      
      6045781152472618     12     2025     920      
      6045781155745275     04     2026     587      
      6045781181568253     04     2026     790      
      6045781137022074     02     2023     272      
      6045781118624682     02     2025     895      
      6045781105012263     06     2027     774      
      6045781117117472     01     2023     164      
      6045781117774231     10     2027     959      
      6045781127513264     03     2026     114      
      6045781100805646     03     2025     236      
      6045781166204130     12     2026     402      
      6045781125732510     12     2026     780      
      6045781116150227     03     2024     891      
      6045781185177754     04     2024     493      
      6045781184880531     11     2027     739      
      6045781155253841     04     2023     613      
      6045781178530332     12     2027     341      
      6045781178242276     04     2023     463      
      6045781133684588     11     2027     440      
      6045781127041035     08     2024     367      
      6045781107806647     09     2024     182      
      6045781131583550     02     2024     545      
      6045781108187385     01     2025     809      
      6045781141762772     02     2023     622      
      6045781167762417     10     2026     348      
      6045781166823426     07     2026     577      
      6045781128074746     12     2026     997      
      6045781121261514     03     2024     816      
      6045781152000815     08     2026     479      
      6045781105862022     04     2025     208      
      6045781122027153     04     2023     151      
      6045781133456565     01     2024     505      
      6045781137142815     05     2027     796      
      6045781100831253     08     2027     598      
      6045781122058604     04     2027     754      
      6045781178547716     02     2023     783      
      6045781148370686     10     2026     517      
      6045781148062853     01     2025     164      
      6045781114661456     01     2025     338      
      6045781154583404     09     2027     692      
      6045781137728076     08     2023     669      
      6045781101453024     01     2023     900      
      6045781122350415     09     2025     971      
      6045781146004311     10     2024     747      
      6045781132325316     12     2023     274      
      6045781173568055     11     2023     292      
      6045781145118260     07     2026     875      
      6045781105625742     01     2025     654      
      6045781170854417     07     2025     318      
      6045781132334557     04     2026     897      
      6045781153558126     12     2023     326      
      6045781106406308     04     2023     125      
      6045781153500227     05     2025     366      
      6045781181102855     09     2026     154      
      6045781132508135     06     2026     915      
      6045781125111855     01     2024     982      
      6045781144548087     04     2024     995      
      6045781155168486     03     2023     194      
      6045781113176472     02     2024     536      
      6045781176311537     10     2023     548      
      6045781181264226     01     2026     632      
      6045781188114424     05     2023     365      
      6045781152322532     03     2027     595      
      6045781134318350     09     2023     965           